{
  "advancedEditorSelectedIdentifier" : "ShaderGraphEditorPluginID",
  "openSceneRelativePaths" : [
    "Immersive.usda"
  ],
  "recentIdentifiers" : {
    "AF09ED6F-1707-48FD-8720-65B998362C09" : [

    ],
    "D66134B1-3681-4A8E-AFE5-29F257229F3B" : [

    ]
  },
  "sceneCameraHistory" : {
    "AF09ED6F-1707-48FD-8720-65B998362C09" : [
      {
        "date" : 731161986.285753,
        "title" : "Untitled",
        "transform" : [
          0.9314967,
          5.1860027e-09,
          -0.36374974,
          0,
          -0.052918877,
          0.9893609,
          -0.13551557,
          0,
          0.3598798,
          0.14548153,
          0.9215865,
          0,
          0.67456645,
          0.96148294,
          1.6251092,
          1
        ]
      },
      {
        "date" : 731159311.203738,
        "title" : "Untitled",
        "transform" : [
          0.9314967,
          5.9534457e-09,
          -0.3637497,
          0,
          -0.052918874,
          0.9893609,
          -0.13551557,
          0,
          0.3598798,
          0.14548154,
          0.9215865,
          0,
          0.9573564,
          1.7344964,
          1.0435973,
          1
        ]
      },
      {
        "date" : 731159296.636835,
        "title" : "Untitled",
        "transform" : [
          0.9314967,
          5.9534457e-09,
          -0.3637497,
          0,
          -0.052918874,
          0.9893609,
          -0.13551557,
          0,
          0.3598798,
          0.14548154,
          0.9215865,
          0,
          0.95889497,
          1.7351183,
          1.0475372,
          1
        ]
      },
      {
        "date" : 731158071.924855,
        "title" : "Untitled",
        "transform" : [
          0.9314965,
          1.4409196e-08,
          -0.3637502,
          0,
          -0.05663397,
          0.98780525,
          -0.14502904,
          0,
          0.35931438,
          0.15569462,
          0.92013717,
          0,
          0.9560845,
          1.7503273,
          1.0403376,
          1
        ]
      },
      {
        "date" : 731157822.806799,
        "title" : "Untitled",
        "transform" : [
          0.9314965,
          1.4409196e-08,
          -0.3637502,
          0,
          -0.05663397,
          0.98780525,
          -0.14502904,
          0,
          0.35931438,
          0.15569462,
          0.92013717,
          0,
          -0.16554034,
          1.4345715,
          1.5317616,
          1
        ]
      },
      {
        "date" : 731157817.802178,
        "title" : "Untitled",
        "transform" : [
          0.13626486,
          1.1015837e-09,
          0.9906724,
          0,
          0.9509075,
          0.2804771,
          -0.13079526,
          0,
          -0.27786103,
          0.95986074,
          0.038219176,
          0,
          -1.4858553,
          3.473178,
          -1.662587,
          1
        ]
      },
      {
        "date" : 731157803.09798,
        "title" : "Untitled",
        "transform" : [
          0.97566885,
          1.9403394e-09,
          -0.21924967,
          0,
          -0.14743206,
          0.74015224,
          -0.65607804,
          0,
          0.16227813,
          0.67243934,
          0.72214353,
          0,
          0.9365279,
          3.1920786,
          2.103683,
          1
        ]
      },
      {
        "date" : 731157798.009069,
        "title" : "Untitled",
        "transform" : [
          0.99107176,
          5.191186e-09,
          0.13332984,
          0,
          0.02188046,
          0.9864424,
          -0.16264246,
          0,
          -0.13152221,
          0.16410765,
          0.9776352,
          0,
          -0.4152869,
          0.90099764,
          2.6225271,
          1
        ]
      },
      {
        "date" : 731157794.346125,
        "title" : "Untitled",
        "transform" : [
          -0.040021434,
          7.991896e-10,
          -0.99919885,
          0,
          -0.84646255,
          0.5313679,
          0.033903807,
          0,
          0.53094214,
          0.84714115,
          -0.021266108,
          0,
          2.4173567,
          3.9819593,
          -2.0540586,
          1
        ]
      },
      {
        "date" : 731157785.074488,
        "title" : "Untitled",
        "transform" : [
          0.9993544,
          0,
          0.035926715,
          0,
          0.017963337,
          0.8660258,
          -0.49967661,
          0,
          -0.031113463,
          0.4999994,
          0.8654667,
          0,
          -0.20682897,
          2.5205088,
          1.4221425,
          1
        ]
      }
    ],
    "D66134B1-3681-4A8E-AFE5-29F257229F3B" : [
      {
        "date" : 731158578.23931,
        "title" : "Untitled",
        "transform" : [
          0.99999994,
          0,
          0,
          0,
          0,
          0.86602527,
          -0.5000003,
          0,
          0,
          0.5000003,
          0.86602527,
          0,
          -0.012643039,
          0.9312225,
          1.2176485,
          1
        ]
      },
      {
        "date" : 731158523.403295,
        "title" : "Untitled",
        "transform" : [
          0.99999994,
          0,
          0,
          0,
          0,
          0.86602527,
          -0.5000003,
          0,
          0,
          0.5000003,
          0.86602527,
          0,
          -0.012643039,
          0.9312225,
          1.2176485,
          1
        ]
      },
      {
        "date" : 731158320.838312,
        "title" : "Untitled",
        "transform" : [
          0.99999994,
          0,
          0,
          0,
          0,
          0.86602527,
          -0.5000003,
          0,
          0,
          0.5000003,
          0.86602527,
          0,
          0,
          1.3394009,
          2.3207765,
          1
        ]
      },
      {
        "date" : 731158317.683454,
        "title" : "Untitled",
        "transform" : [
          0.99999994,
          0,
          0,
          0,
          0,
          0.86602527,
          -0.5000003,
          0,
          0,
          0.5000003,
          0.86602527,
          0,
          0,
          4.292973,
          7.438423,
          1
        ]
      },
      {
        "date" : 731158277.399388,
        "title" : "Untitled",
        "transform" : [
          0.99999994,
          0,
          -0,
          0,
          -0,
          0.86602527,
          -0.5000003,
          0,
          0,
          0.5000003,
          0.86602527,
          0,
          0,
          0.30946288,
          0.5362055,
          1
        ]
      }
    ]
  },
  "selectedSceneRelativePath" : "Immersive.usda"
}